building_id 0 1
1 5263 55
32 5347 58
41 5252 102
55 5316 89
69 4983 150
79 5302 103
82 5291 113
91 5346 51
107 4727 249
108 6724 301
111 6897 245
112 3290 144
117 6906 236
118 8618 166
119 6986 156
121 8600 184
136 6875 265
137 6545 125
139 6846 272
141 6421 386
144 3127 247
147 5876 254
148 8524 239
149 7001 141
159 8471 302
171 8664 117
173 8696 85
174 8685 96
181 8674 105
183 8686 95
190 8585 195
235 8702 79
238 8311 174
240 8645 80
246 8685 97
247 7915 479
248 8037 288
253 8668 114
254 8622 156
263 8298 188
270 8521 167
275 8610 166
276 8653 123
278 8407 126
290 8474 309
293 8690 92
312 8529 229
318 8609 120
335 8523 258
345 8054 219
356 8663 101
423 8492 87
439 8191 567
492 8316 226
534 8491 246
560 8360 350
623 8639 144
653 8511 250
657 8556 220
658 8635 138
666 8685 95
667 8566 211
673 8351 135
675 8644 128
677 8644 86
680 8618 155
683 8588 150
685 8467 288
687 8626 155
693 4980 325
697 8626 158
698 8676 104
701 8484 286
708 8662 114
710 8675 105
721 8666 111
722 8672 108
729 8671 109
730 8574 200
732 8478 293
739 8219 176
742 8531 242
801 8552 203
827 7116 83
844 7879 80
848 6057 183
879 8404 116
880 8519 99
881 8355 112
882 8488 119
884 8518 91
886 5136 103
887 8398 213
889 8509 167
890 8495 116
892 8341 131
893 8455 155
894 8351 252
895 8371 226
896 8486 114
903 8498 91
905 8490 105
909 7637 190
914 8508 97
919 8429 171
922 8497 102
924 8470 131
925 8410 187
926 8496 107
928 8482 112
929 8102 183
931 8438 158
935 8232 365
936 8301 297
941 8533 82
942 8485 131
945 8423 110
948 8492 116
950 8040 286
952 8496 101
961 8498 205
966 8491 104
967 8471 141
968 8501 104
969 8494 104
970 8393 79
971 8493 119
973 8492 111
974 8504 98
975 8374 96
977 8541 163
978 8516 81
981 8446 139
988 8469 128
990 8502 208
992 8390 213
994 7267 187
996 8519 85
1001 8230 320
1007 8467 175
1068 8481 291
1073 8640 143
1074 8588 196
1106 8681 100
1120 8666 101
1128 8450 93
1137 8612 170
1141 8612 171
1143 8704 80
1147 8659 125
1172 8608 173
1219 8608 175
1225 7734 463
1226 7736 449
1230 8452 136
1232 7550 188
1234 6421 252
1238 8483 238
1239 8565 156
1241 5574 85
1242 8307 105
1245 8562 185
1246 8466 246
1247 8584 174
1249 8466 254
1251 8406 276
1252 8484 276
1253 8603 179
1255 7329 156
1257 8578 181
1258 7925 713
1259 8392 265
1260 8569 194
1261 8489 268
1264 5436 178
1266 8503 225
1267 8440 236
1272 7925 234
1275 7823 335
1278 7910 257
1279 7898 269
1283 7872 239
1284 8463 217
1285 8506 170
1296 7861 293
1297 7864 290
1300 7979 162
1302 7860 299
1303 5420 214
1304 8585 173
1306 8442 276
1309 8452 269
1310 8467 253
1311 8472 278
1315 8556 199
1316 8548 197
1318 8314 189
1319 6806 775
1323 8461 260
1353 7317 154
