building_id 0 1
1319 6806 775
1258 7925 713
439 8191 567
247 7915 479
1225 7734 463
1226 7736 449
141 6421 386
935 8232 365
560 8360 350
1275 7823 335
693 4980 325
1001 8230 320
290 8474 309
159 8471 302
108 6724 301
1302 7860 299
936 8301 297
1296 7861 293
732 8478 293
1068 8481 291
1297 7864 290
248 8037 288
685 8467 288
701 8484 286
950 8040 286
1311 8472 278
1252 8484 276
1306 8442 276
1251 8406 276
139 6846 272
1309 8452 269
1279 7898 269
1261 8489 268
1259 8392 265
136 6875 265
1323 8461 260
335 8523 258
1278 7910 257
1249 8466 254
147 5876 254
1310 8467 253
1234 6421 252
894 8351 252
653 8511 250
107 4727 249
144 3127 247
1246 8466 246
534 8491 246
111 6897 245
742 8531 242
1283 7872 239
148 8524 239
1238 8483 238
117 6906 236
1267 8440 236
1272 7925 234
312 8529 229
895 8371 226
492 8316 226
1266 8503 225
657 8556 220
345 8054 219
1284 8463 217
1303 5420 214
992 8390 213
887 8398 213
667 8566 211
990 8502 208
961 8498 205
801 8552 203
730 8574 200
1315 8556 199
1316 8548 197
1074 8588 196
190 8585 195
1260 8569 194
909 7637 190
1318 8314 189
263 8298 188
1232 7550 188
994 7267 187
925 8410 187
1245 8562 185
121 8600 184
848 6057 183
929 8102 183
1257 8578 181
1253 8603 179
1264 5436 178
739 8219 176
1219 8608 175
1007 8467 175
238 8311 174
1247 8584 174
1304 8585 173
1172 8608 173
919 8429 171
1141 8612 171
1285 8506 170
1137 8612 170
889 8509 167
270 8521 167
118 8618 166
275 8610 166
977 8541 163
1300 7979 162
697 8626 158
931 8438 158
254 8622 156
119 6986 156
1255 7329 156
1239 8565 156
893 8455 155
680 8618 155
687 8626 155
1353 7317 154
69 4983 150
683 8588 150
623 8639 144
112 3290 144
1073 8640 143
149 7001 141
967 8471 141
981 8446 139
658 8635 138
1230 8452 136
673 8351 135
942 8485 131
892 8341 131
924 8470 131
675 8644 128
988 8469 128
278 8407 126
137 6545 125
1147 8659 125
276 8653 123
318 8609 120
882 8488 119
971 8493 119
171 8664 117
948 8492 116
890 8495 116
879 8404 116
253 8668 114
896 8486 114
708 8662 114
82 5291 113
881 8355 112
928 8482 112
973 8492 111
721 8666 111
945 8423 110
729 8671 109
722 8672 108
926 8496 107
181 8674 105
1242 8307 105
905 8490 105
710 8675 105
698 8676 104
969 8494 104
966 8491 104
968 8501 104
79 5302 103
886 5136 103
922 8497 102
41 5252 102
356 8663 101
1120 8666 101
952 8496 101
1106 8681 100
880 8519 99
974 8504 98
246 8685 97
914 8508 97
975 8374 96
174 8685 96
666 8685 95
183 8686 95
1128 8450 93
293 8690 92
884 8518 91
903 8498 91
55 5316 89
423 8492 87
677 8644 86
1241 5574 85
996 8519 85
173 8696 85
827 7116 83
941 8533 82
978 8516 81
240 8645 80
844 7879 80
1143 8704 80
235 8702 79
970 8393 79
32 5347 58
1 5263 55
91 5346 51
