121 8784
118 8784
697 8784
1074 8784
1143 8784
1147 8784
623 8783
290 8783
1073 8783
1141 8783
1219 8783
1137 8782
1253 8782
246 8782
293 8782
253 8782
335 8781
235 8781
174 8781
173 8781
687 8781
171 8781
183 8781
1172 8781
1106 8781
710 8780
698 8780
722 8780
190 8780
666 8780
729 8780
181 8779
254 8778
667 8777
721 8777
275 8776
657 8776
276 8776
708 8776
730 8774
680 8773
159 8773
658 8773
742 8773
675 8772
1068 8772
732 8771
701 8770
1120 8767
356 8764
1260 8763
148 8763
653 8761
1252 8760
1257 8759
1304 8758
312 8758
439 8758
1247 8758
1261 8757
685 8755
1315 8755
801 8755
1311 8750
1245 8747
1316 8745
683 8738
534 8737
677 8730
318 8729
1266 8728
240 8725
1323 8721
1238 8721
1309 8721
1239 8721
1249 8720
1310 8720
1306 8718
1246 8712
560 8710
990 8710
977 8704
961 8703
270 8688
1251 8682
1284 8680
1267 8676
889 8676
1285 8676
1259 8657
1007 8642
1258 8638
880 8618
942 8616
941 8615
967 8612
971 8612
887 8611
890 8611
893 8610
884 8609
948 8608
882 8607
914 8605
968 8605
996 8604
973 8603
992 8603
926 8603
894 8603
974 8602
924 8601
919 8600
896 8600
922 8599
936 8598
969 8598
978 8597
895 8597
952 8597
925 8597
935 8597
988 8597
931 8596
966 8595
905 8595
928 8594
903 8589
1230 8588
981 8585
423 8579
1001 8550
1128 8543
492 8542
278 8533
945 8533
879 8520
1318 8503
263 8486
673 8486
238 8485
892 8472
970 8472
975 8470
881 8467
1242 8412
739 8395
247 8394
950 8326
248 8325
929 8285
345 8273
1225 8197
1226 8185
1278 8167
1279 8167
1272 8159
1302 8159
1275 8158
1296 8154
1297 8154
1300 8141
1283 8111
844 7959
909 7827
1232 7738
1319 7581
1255 7485
1353 7471
994 7454
827 7199
119 7142
149 7142
111 7142
117 7142
136 7140
139 7118
108 7025
141 6807
1234 6673
137 6670
848 6240
147 6130
1241 5659
1303 5634
1264 5614
32 5405
79 5405
55 5405
82 5404
91 5397
41 5354
1 5318
693 5305
886 5239
69 5133
107 4976
112 3434
144 3374
